id,game_pk,season,date,postseason,season_type,status,venue,conference_play,home_team_id,away_team_id,home_team_slug,away_team_slug,home_team_abbreviation,away_team_abbreviation,home_team_display_name,away_team_display_name,home_team_short_display_name,away_team_short_display_name,home_team_name,away_team_name,home_team_location,away_team_location,home_team_league,away_team_league,home_team_division,away_team_division,home_team_score,away_team_score,favorite_id,underdog_id,favorite_abbreviation,underdog_abbreviation,favorite_display_name,underdog_display_name
2267,745117,2024,2024-03-29T22:50:00.000Z,False,regular,STATUS_FINAL,Tropicana Field,False,27,29,tampa-bay-rays,toronto-blue-jays,TB,TOR,Tampa Bay Rays,Toronto Blue Jays,Rays,Blue Jays,Rays,Blue Jays,Tampa Bay,Toronto,American,American,East,East,8,2,,,,,,
2270,745276,2024,2024-03-30T01:40:00.000Z,False,regular,STATUS_FINAL,T-Mobile Park,False,25,4,seattle-mariners,boston-red-sox,SEA,BOS,Seattle Mariners,Boston Red Sox,Mariners,Red Sox,Mariners,Red Sox,Seattle,Boston,American,American,West,East,1,0,,,,,,
2273,745435,2024,2024-03-30T01:40:00.000Z,False,regular,STATUS_FINAL,Petco Park,False,23,24,san-diego-padres,san-francisco-giants,SD,SF,San Diego Padres,San Francisco Giants,Padres,Giants,Padres,Giants,San Diego,San Francisco,National,National,West,West,3,8,,,,,,
2266,745604,2024,2024-03-29T19:05:00.000Z,False,regular,STATUS_FINAL,Citizens Bank Park,False,21,2,philadelphia-phillies,atlanta-braves,PHI,ATL,Philadelphia Phillies,Atlanta Braves,Phillies,Braves,Phillies,Braves,Philadelphia,Atlanta,National,National,East,East,3,9,,,,,,
2271,745682,2024,2024-03-30T01:40:00.000Z,False,regular,STATUS_FINAL,Oakland Coliseum,False,20,8,oakland-athletics,cleveland-guardians,OAK,CLE,Oakland Athletics,Cleveland Guardians,Athletics,Guardians,Athletics,Guardians,Oakland,Cleveland,American,American,West,Central,4,6,,,,,,
2265,745848,2024,2024-03-29T17:40:00.000Z,False,regular,STATUS_FINAL,Citi Field,False,18,16,new-york-mets,milwaukee-brewers,NYM,MIL,New York Mets,Milwaukee Brewers,Mets,Brewers,Mets,Brewers,New York,Milwaukee,National,National,East,Central,1,3,,,,,,
2268,746091,2024,2024-03-29T23:10:00.000Z,False,regular,STATUS_FINAL,loanDepot park,False,15,22,miami-marlins,pittsburgh-pirates,MIA,PIT,Miami Marlins,Pittsburgh Pirates,Marlins,Pirates,Marlins,Pirates,Miami,Pittsburgh,National,National,East,Central,2,7,,,,,,
2274,746167,2024,2024-03-30T02:10:00.000Z,False,regular,STATUS_FINAL,Dodger Stadium,False,14,26,los-angeles-dodgers,st-louis-cardinals,LAD,STL,Los Angeles Dodgers,St. Louis Cardinals,Dodgers,Cardinals,Dodgers,Cardinals,Los Angeles,St. Louis,National,National,West,Central,6,3,,,,,,
2269,746412,2024,2024-03-30T00:10:00.000Z,False,regular,STATUS_FINAL,Minute Maid Park,False,11,19,houston-astros,new-york-yankees,HOU,NYY,Houston Astros,New York Yankees,Astros,Yankees,Astros,Yankees,Houston,New York,American,American,West,East,1,7,,,,,,
2272,747223,2024,2024-03-30T01:40:00.000Z,False,regular,STATUS_FINAL,Chase Field,False,1,9,arizona-diamondbacks,colorado-rockies,ARI,COL,Arizona Diamondbacks,Colorado Rockies,Diamondbacks,Rockies,Diamondbacks,Rockies,Arizona,Colorado,National,National,West,West,7,3,,,,,,
